3.5034246575342465
3.5034246575342465
3.5034246575342465
3.5034246575342465
3.5034246575342465
3.5034246575342465
3.5034246575342465
3.5034246575342465
3.5034246575342465
3.5034246575342465
3.5034246575342465
3.5034246575342465
3.5034246575342465
3.5034246575342465
3.5034246575342465
3.5034246575342465
3.5034246575342465
3.5034246575342465
3.5034246575342465
3.5034246575342465
3.5034246575342465
3.5034246575342465
3.5034246575342465
3.5034246575342465
3.5034246575342465
3.5034246575342465
3.5034246575342465
3.5034246575342465
3.5034246575342465
3.5034246575342465
3.5034246575342465
3.5034246575342465
3.5034246575342465
3.5034246575342465
3.5034246575342465
3.5034246575342465
3.5034246575342465
3.5034246575342465
3.5034246575342465
3.5034246575342465
3.5034246575342465
3.5034246575342465
3.5034246575342465
3.5034246575342465
3.5034246575342465
3.5034246575342465
3.5034246575342465
3.5034246575342465
3.5034246575342465
3.5034246575342465
